,,n_network,n_rdds,n_rdda_attractors,t_find_attractors_method,n_pair_attractors,t_comp_paris_method,n_attractor_fields,t_optimized_method
1,0,1,3,29,0.565986156463623,264,0.062490224838256836,11,0.041013240814208984
1,1,2,4,40,0.5865025520324707,211,0.05444478988647461,139,0.05198240280151367
1,2,3,5,33,0.7107110023498535,116,0.03735661506652832,40,0.008785009384155273
1,3,4,6,31,0.7066640853881836,124,0.03834652900695801,23,0.08192968368530273
1,4,5,7,69,1.120260238647461,522,0.11055898666381836,0,0.02193617820739746
1,5,6,8,64,1.303957462310791,302,0.07415914535522461,804,2.13918399810791
1,6,7,9,67,1.3072082996368408,363,0.08753728866577148,0,0.03625845909118652
1,7,8,10,64,1.1089084148406982,285,0.07262015342712402,0,0.004547595977783203
2,0,1,3,11,0.26888203620910645,18,0.00801539421081543,4,0.002767801284790039
2,1,2,4,22,0.4595761299133301,79,0.03931069374084473,19,0.006096601486206055
2,2,3,5,48,0.7662622928619385,325,0.07376503944396973,192,0.3460979461669922
2,3,4,6,67,1.1151628494262695,476,0.15792489051818848,456,3.075989246368408
2,4,5,7,51,0.7827980518341064,213,0.05893278121948242,0,0.005334377288818359
2,5,6,8,73,0.967914342880249,454,0.10477662086486816,0,0.004851579666137695
2,6,7,9,77,1.198523759841919,419,0.10263323783874512,0,0.009628534317016602
2,7,8,10,63,1.1097090244293213,227,0.06396889686584473,0,0.20905113220214844
3,0,1,3,16,0.28025245666503906,52,0.0191495418548584,5,0.004850149154663086
3,1,2,4,31,1.3780789375305176,164,0.05258750915527344,20,0.024602651596069336
3,2,3,5,36,1.0408039093017578,144,0.036261796951293945,16,0.061063528060913086
3,3,4,6,48,0.8012194633483887,310,0.07686448097229004,116,0.7067644596099854
3,4,5,7,60,0.8569550514221191,386,0.09877228736877441,280,5.3513007164001465
3,5,6,8,54,0.8248536586761475,390,0.09191346168518066,3120,0.6277368068695068
3,6,7,9,54,0.9625153541564941,217,0.05844306945800781,284,0.6436572074890137
3,7,8,10,95,1.4908316135406494,706,0.17064857482910156,0,0.04043412208557129
4,0,1,3,24,0.4966092109680176,148,0.04123115539550781,10,0.018766164779663086
4,1,2,4,37,0.6192739009857178,243,0.10988545417785645,100,0.06793594360351562
4,2,3,5,56,0.8797073364257812,553,0.12556099891662598,18,1.3417587280273438
4,3,4,6,51,0.9968616962432861,318,0.07660150527954102,0,0.00998234748840332
4,4,5,7,56,0.9737777709960938,240,0.054457902908325195,0,0.005000591278076172
4,5,6,8,68,0.9497699737548828,446,0.11947965621948242,178,1.856196403503418
4,6,7,9,64,1.3098978996276855,301,0.07828998565673828,0,0.006994724273681641
4,7,8,10,92,1.6367945671081543,1008,0.2537062168121338,968,47.21689224243164
5,0,1,3,19,0.38519978523254395,82,0.029807567596435547,3,0.005711555480957031
5,1,2,4,32,0.5274438858032227,160,0.03878974914550781,33,0.0472111701965332
5,2,3,5,33,0.5842957496643066,115,0.03402209281921387,28,0.034107208251953125
5,3,4,6,49,0.844536542892456,266,0.07650518417358398,0,0.006789445877075195
5,4,5,7,81,1.1525816917419434,583,0.14246225357055664,0,0.005515336990356445
5,5,6,8,90,1.406667709350586,567,0.12928247451782227,0,0.0072784423828125
5,6,7,9,122,2.342170000076294,988,0.2654306888580322,36600,50.9698121547699
5,7,8,10,78,1.3545544147491455,303,0.08196568489074707,0,0.005070209503173828
6,0,1,3,28,0.49197959899902344,196,0.0451350212097168,15,0.029099702835083008
6,1,2,4,39,0.7703702449798584,252,0.08506107330322266,22,0.08511042594909668
6,2,3,5,44,0.7311551570892334,307,0.1172492504119873,112,0.534541130065918
6,3,4,6,48,0.7495052814483643,270,0.09043288230895996,704,0.06952786445617676
6,4,5,7,72,1.0607361793518066,401,0.10040640830993652,624,1.1096854209899902
6,5,6,8,59,0.9398493766784668,248,0.06372904777526855,7100,4.069610357284546
6,6,7,9,78,1.3678889274597168,609,0.1650691032409668,0,0.009143352508544922
6,7,8,10,72,1.4585514068603516,473,0.11574840545654297,0,0.0071620941162109375
7,0,1,3,19,0.3930840492248535,65,0.026101350784301758,8,0.006735324859619141
7,1,2,4,25,0.5296027660369873,92,0.02818894386291504,18,0.008545398712158203
7,2,3,5,39,0.6320743560791016,195,0.09392356872558594,72,0.03762197494506836
7,3,4,6,38,0.7305171489715576,185,0.05066370964050293,12,0.026517629623413086
7,4,5,7,61,1.0440354347229004,413,0.10242891311645508,78,2.4534735679626465
7,5,6,8,60,1.1240301132202148,285,0.07799887657165527,864,2.9492812156677246
7,6,7,9,76,1.3560919761657715,417,0.12746977806091309,0,0.009370803833007812
7,7,8,10,81,1.432103157043457,496,0.17127013206481934,1488,54.547900915145874
8,0,1,3,18,0.31778573989868164,80,0.026018619537353516,11,0.00756525993347168
8,1,2,4,29,0.5417137145996094,113,0.039019107818603516,8,0.021451234817504883
8,2,3,5,23,0.5160741806030273,71,0.023936748504638672,9,0.007082939147949219
8,3,4,6,47,0.7305214405059814,208,0.06454730033874512,52,0.23482561111450195
8,4,5,7,51,0.9726853370666504,330,0.08652424812316895,0,0.005680084228515625
8,5,6,8,67,1.281151533126831,413,0.10241127014160156,0,0.006086111068725586
8,6,7,9,57,1.1364092826843262,247,0.07220196723937988,542,0.6258797645568848
8,7,8,10,100,1.622462511062622,690,0.16508269309997559,0,0.09995365142822266
9,0,1,3,30,0.43056631088256836,164,0.05274224281311035,7,0.02751922607421875
9,1,2,4,18,0.33083677291870117,41,0.01260685920715332,30,0.005046844482421875
9,2,3,5,44,0.6029782295227051,326,0.07224297523498535,148,0.7698602676391602
9,3,4,6,49,0.7925918102264404,209,0.04623842239379883,272,0.2562136650085449
9,4,5,7,44,0.9596238136291504,242,0.05933976173400879,0,0.00521087646484375
9,5,6,8,60,1.0321400165557861,294,0.07168006896972656,168,0.2250223159790039
9,6,7,9,84,1.498000144958496,379,0.09221553802490234,0,0.011294126510620117
9,7,8,10,84,1.630523443222046,578,0.18686771392822266,0,0.8680956363677979
10,0,1,3,32,0.48021459579467773,288,0.059851646423339844,32,0.06186175346374512
10,1,2,4,23,0.44748568534851074,87,0.029752254486083984,8,0.01331329345703125
10,2,3,5,31,0.5858111381530762,132,0.03508448600769043,50,0.06482982635498047
10,3,4,6,71,1.1016998291015625,426,0.12198209762573242,336,1.060408115386963
10,4,5,7,52,0.9580097198486328,188,0.049829959869384766,0,0.007256984710693359
10,5,6,8,55,0.9948954582214355,239,0.06293344497680664,0,0.0040357112884521484
10,6,7,9,64,1.3470838069915771,260,0.06515169143676758,224,3.676845073699951
10,7,8,10,85,1.70249342918396,509,0.11886072158813477,0,0.018329143524169922
